% --------------------------------------------------------
%
% Each line must contain data or a comment.
% Comment lines begin with a percent (%) character.
% Data lines contain two colums seperated by a comma (,) character.
% Each data line specifies a sample clock index, and if the clock should be sampled or skipped.
% Clock indicies must be between 0 and 65535.
%
% Examples:
%  "128, 1" means sample clock 128
%  "144, 0" means skip clock 144
%
% --------------------------------------------------------
% Clock index, Value (0 = skip, 1 = sample)
% --------------------------------------------------------
%
0,	1
1,	0
2,	0
3,	1
4,	0
5,	0
6,	1
7,	0
8,	0
9,	1
10,	0
11,	0
12,	1
13,	0
14,	0
15,	1
16,	0
17,	0
18,	1
19,	0
20,	0
21,	1
22,	0
23,	0
24,	1
25,	0
26,	0
27,	1
28,	0
29,	0
30,	1
31,	0
32,	0
33,	1
34,	0
35,	0
36,	1
37,	0
38,	0
39,	1
40,	0
41,	0
42,	1
43,	0
44,	0
45,	1
46,	0
47,	0
48,	1
49,	0
50,	0
51,	1
52,	0
53,	0
54,	1
55,	0
56,	0
57,	1
58,	0
59,	0
60,	1
61,	0
62,	0
63,	1
64,	0
65,	0
66,	1
67,	0
68,	0
69,	1
70,	0
71,	0
72,	1
73,	0
74,	0
75,	1
76,	0
77,	0
78,	1
79,	0
80,	0
81,	1
82,	0
83,	0
84,	1
85,	0
86,	0
87,	1
88,	0
89,	0
90,	1
91,	0
92,	0
93,	1
94,	0
95,	0
96,	1
97,	0
98,	0
99,	1
100,	0
101,	0
102,	1
103,	0
104,	0
105,	1
106,	0
107,	0
108,	1
109,	0
110,	0
111,	1
112,	0
113,	0
114,	1
115,	0
116,	0
117,	1
118,	0
119,	0
120,	1
121,	0
122,	0
123,	1
124,	0
125,	0
126,	1
127,	0
128,	0
129,	1
130,	0
131,	0
132,	1
133,	0
134,	0
135,	1
136,	0
137,	0
138,	1
139,	0
140,	0
141,	1
142,	0
143,	0
144,	1
145,	0
146,	0
147,	1
148,	0
149,	0
150,	1
151,	0
152,	0
153,	1
154,	0
155,	0
156,	1
157,	0
158,	0
159,	1
160,	0
161,	0
162,	1
163,	0
164,	0
165,	1
166,	0
167,	0
168,	1
169,	0
170,	0
171,	1
172,	0
173,	0
174,	1
175,	0
176,	0
177,	1
178,	0
179,	0
180,	1
181,	0
182,	0
183,	1
184,	0
185,	0
186,	1
187,	0
188,	0
189,	1
190,	0
191,	0
192,	1
193,	0
194,	0
195,	1
196,	0
197,	0
198,	1
199,	0
200,	0
201,	1
202,	0
203,	0
204,	1
205,	0
206,	0
207,	1
208,	0
209,	0
210,	1
211,	0
212,	0
213,	1
214,	0
215,	0
216,	1
217,	0
218,	0
219,	1
220,	0
221,	0
222,	1
223,	0
224,	0
225,	1
226,	0
227,	0
228,	1
229,	0
230,	0
231,	1
232,	0
233,	0
234,	1
235,	0
236,	0
237,	1
238,	0
239,	0
240,	1
241,	0
242,	0
243,	1
244,	0
245,	0
246,	1
247,	0
248,	0
249,	1
250,	0
251,	0
252,	1
253,	0
254,	0
255,	1
256,	0
257,	0
258,	1
259,	0
260,	0
261,	1
262,	0
263,	0
264,	1
265,	0
266,	0
267,	1
268,	0
269,	0
270,	1
271,	0
272,	0
273,	1
274,	0
275,	0
276,	1
277,	0
278,	0
279,	1
280,	0
281,	0
282,	1
283,	0
284,	0
285,	1
286,	0
287,	0
288,	1
289,	0
290,	0
291,	1
292,	0
293,	0
294,	1
295,	0
296,	0
297,	1
298,	0
299,	0
300,	1
301,	0
302,	0
303,	1
304,	0
305,	0
306,	1
307,	0
308,	0
309,	1
310,	0
311,	0
312,	1
313,	0
314,	0
315,	1
316,	0
317,	0
318,	1
319,	0
320,	0
321,	1
322,	0
323,	0
324,	1
325,	0
326,	0
327,	1
328,	0
329,	0
330,	1
331,	0
332,	0
333,	1
334,	0
335,	0
336,	1
337,	0
338,	0
339,	1
340,	0
341,	0
342,	1
343,	0
344,	0
345,	1
346,	0
347,	0
348,	1
349,	0
350,	0
351,	1
352,	0
353,	0
354,	1
355,	0
356,	0
357,	1
358,	0
359,	0
360,	1
361,	0
362,	0
363,	1
364,	0
365,	0
366,	1
367,	0
368,	0
369,	1
370,	0
371,	0
372,	1
373,	0
374,	0
375,	1
376,	0
377,	0
378,	1
379,	0
380,	0
381,	1
382,	0
383,	0
384,	1
385,	0
386,	0
387,	1
388,	0
389,	0
390,	1
391,	0
392,	0
393,	1
394,	0
395,	0
396,	1
397,	0
398,	0
399,	1
400,	0
401,	0
402,	1
403,	0
404,	0
405,	1
406,	0
407,	0
408,	1
409,	0
410,	0
411,	1
412,	0
413,	0
414,	1
415,	0
416,	0
417,	1
418,	0
419,	0
420,	1
421,	0
422,	0
423,	1
424,	0
425,	0
426,	1
427,	0
428,	0
429,	1
430,	0
431,	0
432,	1
433,	0
434,	0
435,	1
436,	0
437,	0
438,	1
439,	0
440,	0
441,	1
442,	0
443,	0
444,	1
445,	0
446,	0
447,	1
448,	0
449,	0
450,	1
451,	0
452,	0
453,	1
454,	0
455,	0
456,	1
457,	0
458,	0
459,	1
460,	0
461,	0
462,	1
463,	0
464,	0
465,	1
466,	0
467,	0
468,	1
469,	0
470,	0
471,	1
472,	0
473,	0
474,	1
475,	0
476,	0
477,	1
478,	0
479,	0
480,	1
481,	0
482,	0
483,	1
484,	0
485,	0
486,	1
487,	0
488,	0
489,	1
490,	0
491,	0
492,	1
493,	0
494,	0
495,	1
496,	0
497,	0
498,	1
499,	0
500,	0
501,	1
502,	0
503,	0
504,	1
505,	0
506,	0
507,	1
508,	0
509,	0
510,	1
511,	0
512,	0
513,	1
514,	0
515,	0
516,	1
517,	0
518,	0
519,	1
520,	0
521,	0
522,	1
523,	0
524,	0
525,	1
526,	0
527,	0
528,	1
529,	0
530,	0
531,	1
532,	0
533,	0
534,	1
535,	0
536,	0
537,	1
538,	0
539,	0
540,	1
541,	0
542,	0
543,	1
544,	0
545,	0
546,	1
547,	0
548,	0
549,	1
550,	0
551,	0
552,	1
553,	0
554,	0
555,	1
556,	0
557,	0
558,	1
559,	0
560,	0
561,	1
562,	0
563,	0
564,	1
565,	0
566,	0
567,	1
568,	0
569,	0
570,	1
571,	0
572,	0
573,	1
574,	0
575,	0
576,	1
577,	0
578,	0
579,	1
580,	0
581,	0
582,	1
583,	0
584,	0
585,	1
586,	0
587,	0
588,	1
589,	0
590,	0
591,	1
592,	0
593,	0
594,	1
595,	0
596,	0
597,	1
598,	0
599,	0
600,	1
601,	0
602,	0
603,	1
604,	0
605,	0
606,	1
607,	0
608,	0
609,	1
610,	0
611,	0
612,	1
613,	0
614,	0
615,	1
616,	0
617,	0
618,	1
619,	0
620,	0
621,	1
622,	0
623,	0
624,	1
625,	0
626,	0
627,	1
628,	0
629,	0
630,	1
631,	0
632,	0
633,	1
634,	0
635,	0
636,	1
637,	0
638,	0
639,	1
640,	0
641,	0
642,	1
643,	0
644,	0
645,	1
646,	0
647,	0
648,	1
649,	0
650,	0
651,	1
652,	0
653,	0
654,	1
655,	0
656,	0
657,	1
658,	0
659,	0
660,	1
661,	0
662,	0
663,	1
664,	0
665,	0
666,	1
667,	0
668,	0
669,	1
670,	0
671,	0
672,	1
673,	0
674,	0
675,	1
676,	0
677,	0
678,	1
679,	0
680,	0
681,	1
682,	0
683,	0
684,	1
685,	0
686,	0
687,	1
688,	0
689,	0
690,	1
691,	0
692,	0
693,	1
694,	0
695,	0
696,	1
697,	0
698,	0
699,	1
700,	0
701,	0
702,	1
703,	0
704,	0
705,	1
706,	0
707,	0
708,	1
709,	0
710,	0
711,	1
712,	0
713,	0
714,	1
715,	0
716,	0
717,	1
718,	0
719,	0
720,	1
721,	0
722,	0
723,	1
724,	0
725,	0
726,	1
727,	0
728,	0
729,	1
730,	0
731,	0
732,	1
733,	0
734,	0
735,	1
736,	0
737,	0
738,	1
739,	0
740,	0
741,	1
742,	0
743,	0
744,	1
745,	0
746,	0
747,	1
748,	0
749,	0
750,	1
751,	0
752,	0
753,	1
754,	0
755,	0
756,	1
757,	0
758,	0
759,	1
760,	0
761,	0
762,	1
763,	0
764,	0
765,	1
766,	0
767,	0
768,	1
769,	0
770,	0
771,	1
772,	0
773,	0
774,	1
775,	0
776,	0
777,	1
778,	0
779,	0
780,	1
781,	0
782,	0
783,	1
784,	0
785,	0
786,	1
787,	0
788,	0
789,	1
790,	0
791,	0
792,	1
793,	0
794,	0
795,	1
796,	0
797,	0
798,	1
799,	0
800,	0
801,	1
802,	0
803,	0
804,	1
805,	0
806,	0
807,	1
808,	0
809,	0
810,	1
811,	0
812,	0
813,	1
814,	0
815,	0
816,	1
817,	0
818,	0
819,	1
820,	0
821,	0
822,	1
823,	0
824,	0
825,	1
826,	0
827,	0
828,	1
829,	0
830,	0
831,	1
832,	0
833,	0
834,	1
835,	0
836,	0
837,	1
838,	0
839,	0
840,	1
841,	0
842,	0
843,	1
844,	0
845,	0
846,	1
847,	0
848,	0
849,	1
850,	0
851,	0
852,	1
853,	0
854,	0
855,	1
856,	0
857,	0
858,	1
859,	0
860,	0
861,	1
862,	0
863,	0
864,	1
865,	0
866,	0
867,	1
868,	0
869,	0
870,	1
871,	0
872,	0
873,	1
874,	0
875,	0
876,	1
877,	0
878,	0
879,	1
880,	0
881,	0
882,	1
883,	0
884,	0
885,	1
886,	0
887,	0
888,	1
889,	0
890,	0
891,	1
892,	0
893,	0
894,	1
895,	0
896,	0
897,	1
898,	0
899,	0
900,	1
901,	0
902,	0
903,	1
904,	0
905,	0
906,	1
907,	0
908,	0
909,	1
910,	0
911,	0
912,	1
913,	0
914,	0
915,	1
916,	0
917,	0
918,	1
919,	0
920,	0
921,	1
922,	0
923,	0
924,	1
925,	0
926,	0
927,	1
928,	0
929,	0
930,	1
931,	0
932,	0
933,	1
934,	0
935,	0
936,	1
937,	0
938,	0
939,	1
940,	0
941,	0
942,	1
943,	0
944,	0
945,	1
946,	0
947,	0
948,	1
949,	0
950,	0
951,	1
952,	0
953,	0
954,	1
955,	0
956,	0
957,	1
958,	0
959,	0
960,	1
961,	0
962,	0
963,	1
964,	0
965,	0
966,	1
967,	0
968,	0
969,	1
970,	0
971,	0
972,	1
973,	0
974,	0
975,	1
976,	0
977,	0
978,	1
979,	0
980,	0
981,	1
982,	0
983,	0
984,	1
985,	0
986,	0
987,	1
988,	0
989,	0
990,	1
991,	0
992,	0
993,	1
994,	0
995,	0
996,	1
997,	0
998,	0
999,	1
1000,	0
1001,	0
1002,	1
1003,	0
1004,	0
1005,	1
1006,	0
1007,	0
1008,	1
1009,	0
1010,	0
1011,	1
1012,	0
1013,	0
1014,	1
1015,	0
1016,	0
1017,	1
1018,	0
1019,	0
1020,	1
1021,	0
1022,	0
1023,	1
1024,	0
1025,	0
1026,	1
1027,	0
1028,	0
1029,	1
1030,	0
1031,	0
1032,	1
1033,	0
1034,	0
1035,	1
1036,	0
1037,	0
1038,	1
1039,	0
1040,	0
1041,	1
1042,	0
1043,	0
1044,	1
1045,	0
1046,	0
1047,	1
1048,	0
1049,	0
1050,	1
1051,	0
1052,	0
1053,	1
1054,	0
1055,	0
1056,	1
1057,	0
1058,	0
1059,	1
1060,	0
1061,	0
1062,	1
1063,	0
1064,	0
1065,	1
1066,	0
1067,	0
1068,	1
1069,	0
1070,	0
1071,	1
1072,	0
1073,	0
1074,	1
1075,	0
1076,	0
1077,	1
1078,	0
1079,	0
1080,	1
1081,	0
1082,	0
1083,	1
1084,	0
1085,	0
1086,	1
1087,	0
1088,	0
1089,	1
1090,	0
1091,	0
1092,	1
1093,	0
1094,	0
1095,	1
1096,	0
1097,	0
1098,	1
1099,	0
1100,	0
1101,	1
1102,	0
1103,	0
1104,	1
1105,	0
1106,	0
1107,	1
1108,	0
1109,	0
1110,	1
1111,	0
1112,	0
1113,	1
1114,	0
1115,	0
1116,	1
1117,	0
1118,	0
1119,	1
1120,	0
1121,	0
1122,	1
1123,	0
1124,	0
1125,	1
1126,	0
1127,	0
1128,	1
1129,	0
1130,	0
1131,	1
1132,	0
1133,	0
1134,	1
1135,	0
1136,	0
1137,	1
1138,	0
1139,	0
1140,	1
1141,	0
1142,	0
1143,	1
1144,	0
1145,	0
1146,	1
1147,	0
1148,	0
1149,	1
1150,	0
1151,	0
1152,	1
1153,	0
1154,	0
1155,	1
1156,	0
1157,	0
1158,	1
1159,	0
1160,	0
1161,	1
1162,	0
1163,	0
1164,	1
1165,	0
1166,	0
1167,	1
1168,	0
1169,	0
1170,	1
1171,	0
1172,	0
1173,	1
1174,	0
1175,	0
1176,	1
1177,	0
1178,	0
1179,	1
1180,	0
1181,	0
1182,	1
1183,	0
1184,	0
1185,	1
1186,	0
1187,	0
1188,	1
1189,	0
1190,	0
1191,	1
1192,	0
1193,	0
1194,	1
1195,	0
1196,	0
1197,	1
1198,	0
1199,	0
1200,	1
1201,	0
1202,	0
1203,	1
1204,	0
1205,	0
1206,	1
1207,	0
1208,	0
1209,	1
1210,	0
1211,	0
1212,	1
1213,	0
1214,	0
1215,	1
1216,	0
1217,	0
1218,	1
1219,	0
1220,	0
1221,	1
1222,	0
1223,	0
1224,	1
1225,	0
1226,	0
1227,	1
1228,	0
1229,	0
1230,	1
1231,	0
1232,	0
1233,	1
1234,	0
1235,	0
1236,	1
1237,	0
1238,	0
1239,	1
1240,	0
1241,	0
1242,	1
1243,	0
1244,	0
1245,	1
1246,	0
1247,	0
1248,	1
1249,	0
1250,	0
1251,	1
1252,	0
1253,	0
1254,	1
1255,	0
1256,	0
1257,	1
1258,	0
1259,	0
1260,	1
1261,	0
1262,	0
1263,	1
1264,	0
1265,	0
1266,	1
1267,	0
1268,	0
1269,	1
1270,	0
1271,	0
1272,	1
1273,	0
1274,	0
1275,	1
1276,	0
1277,	0
1278,	1
1279,	0
1280,	0
1281,	1
1282,	0
1283,	0
1284,	1
1285,	0
1286,	0
1287,	1
1288,	0
1289,	0
1290,	1
1291,	0
1292,	0
1293,	1
1294,	0
1295,	0
1296,	1
1297,	0
1298,	0
1299,	1
1300,	0
1301,	0
1302,	1
1303,	0
1304,	0
1305,	1
1306,	0
1307,	0
1308,	1
1309,	0
1310,	0
1311,	1
1312,	0
1313,	0
1314,	1
1315,	0
1316,	0
1317,	1
1318,	0
1319,	0
1320,	1
1321,	0
1322,	0
1323,	1
1324,	0
1325,	0
1326,	1
1327,	0
1328,	0
1329,	1
1330,	0
1331,	0
1332,	1
1333,	0
1334,	0
1335,	1
1336,	0
1337,	0
1338,	1
1339,	0
1340,	0
1341,	1
1342,	0
1343,	0
1344,	1
1345,	0
1346,	0
1347,	1
1348,	0
1349,	0
1350,	1
1351,	0
1352,	0
1353,	1
1354,	0
1355,	0
1356,	1
1357,	0
1358,	0
1359,	1
1360,	0
1361,	0
1362,	1
1363,	0
1364,	0
1365,	1
1366,	0
1367,	0
1368,	1
1369,	0
1370,	0
1371,	1
1372,	0
1373,	0
1374,	1
1375,	0
1376,	0
1377,	1
1378,	0
1379,	0
1380,	1
1381,	0
1382,	0
1383,	1
1384,	0
1385,	0
1386,	1
1387,	0
1388,	0
1389,	1
1390,	0
1391,	0
1392,	1
1393,	0
1394,	0
1395,	1
1396,	0
1397,	0
1398,	1
1399,	0
1400,	0
1401,	1
1402,	0
1403,	0
1404,	1
1405,	0
1406,	0
1407,	1
1408,	0
1409,	0
1410,	1
1411,	0
1412,	0
1413,	1
1414,	0
1415,	0
1416,	1
1417,	0
1418,	0
1419,	1
1420,	0
1421,	0
1422,	1
1423,	0
1424,	0
1425,	1
1426,	0
1427,	0
1428,	1
1429,	0
1430,	0
1431,	1
1432,	0
1433,	0
1434,	1
1435,	0
1436,	0
1437,	1
1438,	0
1439,	0
1440,	1
1441,	0
1442,	0
1443,	1
1444,	0
1445,	0
1446,	1
1447,	0
1448,	0
1449,	1
1450,	0
1451,	0
1452,	1
1453,	0
1454,	0
1455,	1
1456,	0
1457,	0
1458,	1
1459,	0
1460,	0
1461,	1
1462,	0
1463,	0
1464,	1
1465,	0
1466,	0
1467,	1
1468,	0
1469,	0
1470,	1
1471,	0
1472,	0
1473,	1
1474,	0
1475,	0
1476,	1
1477,	0
1478,	0
1479,	1
1480,	0
1481,	0
1482,	1
1483,	0
1484,	0
1485,	1
1486,	0
1487,	0
1488,	1
1489,	0
1490,	0
1491,	1
1492,	0
1493,	0
1494,	1
1495,	0
1496,	0
1497,	1
1498,	0
1499,	0
1500,	1
1501,	0
1502,	0
1503,	1
1504,	0
1505,	0
1506,	1
1507,	0
1508,	0
1509,	1
1510,	0
1511,	0
1512,	1
1513,	0
1514,	0
1515,	1
1516,	0
1517,	0
1518,	1
1519,	0
1520,	0
1521,	1
1522,	0
1523,	0
1524,	1
1525,	0
1526,	0
1527,	1
1528,	0
1529,	0
1530,	1
1531,	0
1532,	0
1533,	1
1534,	0
1535,	0